   3.9103830e+05   5.3558809e+06   2.0200000e+01
   3.9134101e+05   5.3573981e+06   5.8000000e+00
   3.8758143e+05   5.3576269e+06   1.0000000e+01
   3.9134882e+05   5.3562527e+06   8.7000000e+00
   3.9054154e+05   5.3566459e+06   1.4500000e+01
   3.8724888e+05   5.3561542e+06   2.7000000e+01
   3.8881726e+05   5.3567685e+06   3.5500000e+01
   3.9027248e+05   5.3576520e+06   1.5300000e+01
   3.9156406e+05   5.3569934e+06   3.3000000e+00
   3.9164002e+05   5.3574920e+06   6.8000000e+00
   3.8790736e+05   5.3575758e+06   1.9900000e+01
   3.9164793e+05   5.3544237e+06   1.3300000e+01
   3.9154623e+05   5.3560600e+06   6.3000000e+00
   3.9000661e+05   5.3562007e+06   2.5400000e+01
   3.9098941e+05   5.3552925e+06   1.8600000e+01
   3.8772510e+05   5.3570235e+06   2.4500000e+01
   3.8971503e+05   5.3556835e+06   2.2100000e+01
   3.9138029e+05   5.3574865e+06   5.8000000e+00
   3.9096884e+05   5.3553593e+06   1.8800000e+01
   3.9157656e+05   5.3569154e+06   2.6000000e+00
   3.9057237e+05   5.3543884e+06   1.7600000e+01
   3.8658922e+05   5.3561787e+06   2.4000000e+01
   3.9112741e+05   5.3555120e+06   1.9000000e+01
   3.9144053e+05   5.3567510e+06   2.9000000e+00
   3.9069194e+05   5.3575102e+06   1.3900000e+01
   3.9088207e+05   5.3558498e+06   2.1000000e+01
   3.9086420e+05   5.3572402e+06   9.5000000e+00
   3.8955419e+05   5.3557758e+06   2.2200000e+01
   3.9061310e+05   5.3569120e+06   1.3600000e+01
   3.8803621e+05   5.3570173e+06   2.0100000e+01
   3.9078033e+05   5.3582427e+06   1.7500000e+01
   3.8651712e+05   5.3540568e+06   8.5000000e+00
   3.8879351e+05   5.3559576e+06   2.2700000e+01
   3.8665520e+05   5.3546654e+06   1.6900000e+01
   3.8724513e+05   5.3559654e+06   2.2800000e+01
   3.9106696e+05   5.3562353e+06   1.7500000e+01
   3.9073095e+05   5.3572210e+06   1.3400000e+01
   3.8908321e+05   5.3563743e+06   2.2500000e+01
   3.9151691e+05   5.3569052e+06   3.4000000e+00
   3.8654848e+05   5.3544891e+06   1.1300000e+01
   3.8983333e+05   5.3579498e+06   1.3400000e+01
   3.8950266e+05   5.3565882e+06   2.1700000e+01
   3.9089560e+05   5.3554167e+06   1.9200000e+01
   3.9097862e+05   5.3554588e+06   1.9100000e+01
   3.8816182e+05   5.3566039e+06   2.2800000e+01
   3.9004213e+05   5.3572675e+06   1.5300000e+01
   3.8982819e+05   5.3557923e+06   2.3000000e+01
   3.9057305e+05   5.3559677e+06   2.0400000e+01
   3.9074684e+05   5.3557746e+06   2.1300000e+01
   3.9086843e+05   5.3555501e+06   2.0100000e+01
