   3.8612742e+05   5.3544704e+06   0.0000000e+00
   3.8820882e+05   5.3580139e+06   0.0000000e+00
   3.8617390e+05   5.3557865e+06   2.0500000e+01
   3.8619608e+05   5.3542740e+06   1.3000000e+00
   3.8624091e+05   5.3543291e+06   8.0000000e-01
   3.8633190e+05   5.3569961e+06   8.5000000e+00
   3.8632688e+05   5.3545163e+06   2.0000000e+00
   3.8635548e+05   5.3544597e+06   3.7000000e+00
   3.8638633e+05   5.3545151e+06   1.4000000e+00
   3.8640018e+05   5.3541142e+06   2.1000000e+00
   3.8643514e+05   5.3547695e+06   1.0000000e+00
   3.8645254e+05   5.3545024e+06   5.0000000e-01
   3.8647541e+05   5.3549025e+06   3.7000000e+00
   3.8647740e+05   5.3542579e+06   3.3000000e+00
   3.8649027e+05   5.3542017e+06   4.7000000e+00
   3.8651576e+05   5.3546901e+06   1.0300000e+01
   3.8656238e+05   5.3563235e+06   2.5700000e+01
   3.8655538e+05   5.3548345e+06   1.3500000e+01
   3.8659309e+05   5.3559784e+06   2.1900000e+01
   3.8661550e+05   5.3563566e+06   2.7400000e+01
   3.8661938e+05   5.3554558e+06   1.7100000e+01
   3.8667794e+05   5.3576448e+06   3.5000000e+00
   3.8666982e+05   5.3560993e+06   2.3300000e+01
   3.8669179e+05   5.3564993e+06   4.5500000e+01
   3.8673070e+05   5.3573098e+06   1.6500000e+01
   3.8671698e+05   5.3551312e+06   1.8500000e+01
   3.8673882e+05   5.3550862e+06   1.9700000e+01
   3.8676577e+05   5.3553419e+06   1.9500000e+01
   3.8676503e+05   5.3542075e+06   1.6500000e+01
   3.8679440e+05   5.3545402e+06   1.7500000e+01
   3.8681582e+05   5.3545179e+06   1.8300000e+01
   3.8686887e+05   5.3560840e+06   2.0500000e+01
   3.8687280e+05   5.3551395e+06   2.1500000e+01
   3.8691256e+05   5.3559948e+06   2.1100000e+01
   3.8692003e+05   5.3552714e+06   2.2500000e+01
   3.8695871e+05   5.3561163e+06   2.3100000e+01
   3.8698075e+05   5.3560817e+06   2.3000000e+01
   3.8696304e+05   5.3540925e+06   2.0500000e+01
   3.8701275e+05   5.3554926e+06   2.1800000e+01
   3.8704852e+05   5.3561477e+06   2.3500000e+01
   3.8706062e+05   5.3556132e+06   2.1200000e+01
   3.8709573e+05   5.3562797e+06   4.0300000e+01
   3.8713547e+05   5.3571794e+06   2.0500000e+01
   3.8714185e+05   5.3563566e+06   4.3300000e+01
   3.8715620e+05   5.3559786e+06   2.2900000e+01
   3.8720808e+05   5.3574900e+06   9.7000000e+00
   3.8720586e+05   5.3562338e+06   4.2800000e+01
   3.8722836e+05   5.3562220e+06   4.2300000e+01
   3.8724822e+05   5.3561210e+06   2.4800000e+01
   3.8726809e+05   5.3560209e+06   2.3000000e+01
   3.8729418e+05   5.3565870e+06   2.3900000e+01
   3.8730788e+05   5.3561312e+06   2.9600000e+01
   3.8734390e+05   5.3571980e+06   2.2700000e+01
   3.8733548e+05   5.3552746e+06   2.2500000e+01
   3.8739025e+05   5.3573308e+06   2.0500000e+01
   3.8737942e+05   5.3552851e+06   2.3500000e+01
   3.8743790e+05   5.3574855e+06   1.4500000e+01
   3.8743770e+05   5.3563288e+06   3.1300000e+01
   3.8744017e+05   5.3553503e+06   2.1500000e+01
   3.8747324e+05   5.3558717e+06   4.1500000e+01
   3.8750435e+05   5.3563389e+06   3.1100000e+01
   3.8752949e+05   5.3565045e+06   2.3200000e+01
   3.8754825e+05   5.3563039e+06   3.1500000e+01
   3.8757385e+05   5.3564931e+06   2.2800000e+01
   3.8759481e+05   5.3564035e+06   2.3400000e+01
   3.8760919e+05   5.3560255e+06   4.3200000e+01
   3.8763437e+05   5.3565470e+06   2.2000000e+01
   3.8765160e+05   5.3563132e+06   3.1700000e+01
   3.8765191e+05   5.3551791e+06   2.1600000e+01
   3.8769990e+05   5.3564566e+06   2.2900000e+01
   3.8771867e+05   5.3563005e+06   3.2400000e+01
   3.8772296e+05   5.3554112e+06   1.8500000e+01
   3.8775979e+05   5.3565227e+06   2.2400000e+01
   3.8777855e+05   5.3563221e+06   3.5800000e+01
   3.8779952e+05   5.3562771e+06   3.8100000e+01
   3.8782445e+05   5.3563876e+06   3.0600000e+01
   3.8784828e+05   5.3564877e+06   2.2600000e+01
   3.8787031e+05   5.3560982e+06   4.0500000e+01
   3.8790425e+05   5.3570645e+06   1.9700000e+01
   3.8789931e+05   5.3553080e+06   2.0500000e+01
   3.8794288e+05   5.3564080e+06   3.2200000e+01
   3.8796451e+05   5.3563962e+06   3.4600000e+01
   3.8798218e+05   5.3561397e+06   4.1200000e+01
   3.8801830e+05   5.3572179e+06   2.1900000e+01
   3.8801934e+05   5.3561617e+06   2.9500000e+01
   3.8804142e+05   5.3564839e+06   2.5000000e+01
   3.8805646e+05   5.3561382e+06   3.8600000e+01
   3.8807746e+05   5.3564491e+06   3.8000000e+01
   3.8808486e+05   5.3557154e+06   2.5300000e+01
   3.8810959e+05   5.3562159e+06   2.4500000e+01
   3.8813298e+05   5.3566491e+06   2.4000000e+01
   3.8815550e+05   5.3570377e+06   2.0600000e+01
   3.8816007e+05   5.3565148e+06   3.7500000e+01
   3.8813356e+05   5.3540580e+06   3.2500000e+01
   3.8816811e+05   5.3550133e+06   2.0500000e+01
   3.8820944e+05   5.3564028e+06   2.5600000e+01
   3.8822516e+05   5.3564462e+06   3.1000000e+01
   3.8824330e+05   5.3566128e+06   3.8000000e+01
   3.8828222e+05   5.3578350e+06   1.6700000e+01
   3.8823957e+05   5.3545116e+06   2.3700000e+01
   3.8828721e+05   5.3561783e+06   2.3300000e+01
   3.8832416e+05   5.3573456e+06   2.0600000e+01
   3.8833683e+05   5.3571897e+06   1.5800000e+01
   3.8831476e+05   5.3549553e+06   2.5300000e+01
   3.8831521e+05   5.3542215e+06   2.8100000e+01
   3.8836960e+05   5.3566331e+06   3.7000000e+01
   3.8839079e+05   5.3569552e+06   1.9800000e+01
   3.8839451e+05   5.3563878e+06   2.3100000e+01
   3.8840805e+05   5.3563211e+06   2.3500000e+01
   3.8842247e+05   5.3562980e+06   2.3500000e+01
   3.8845500e+05   5.3575537e+06   2.0300000e+01
   3.8844782e+05   5.3564313e+06   2.2700000e+01
   3.8845765e+05   5.3562195e+06   2.2100000e+01
   3.8847774e+05   5.3564412e+06   2.2800000e+01
   3.8848999e+05   5.3563527e+06   2.3100000e+01
   3.8850114e+05   5.3561190e+06   2.4000000e+01
   3.8854348e+05   5.3579191e+06   1.3800000e+01
   3.8855572e+05   5.3577860e+06   1.8400000e+01
   3.8854416e+05   5.3564399e+06   2.3400000e+01
   3.8855161e+05   5.3560621e+06   2.2400000e+01
   3.8858172e+05   5.3572400e+06   1.1000000e+01
   3.8859091e+05   5.3569513e+06   2.0500000e+01
   3.8859465e+05   5.3563838e+06   2.3000000e+01
   3.8863804e+05   5.3581952e+06   1.2500000e+01
   3.8865050e+05   5.3581171e+06   1.3500000e+01
   3.8865119e+05   5.3573505e+06   1.8000000e+01
   3.8864381e+05   5.3562605e+06   2.2300000e+01
   3.8865606e+05   5.3560827e+06   2.1300000e+01
   3.8866938e+05   5.3560484e+06   2.3600000e+01
   3.8867641e+05   5.3556486e+06   2.2500000e+01
   3.8869453e+05   5.3558144e+06   2.5500000e+01
   3.8871635e+05   5.3561699e+06   2.3300000e+01
   3.8872752e+05   5.3559808e+06   2.4300000e+01
   3.8874499e+05   5.3561142e+06   2.3000000e+01
   3.8876180e+05   5.3562136e+06   2.2600000e+01
   3.8877384e+05   5.3560691e+06   2.3000000e+01
   3.8879000e+05   5.3561352e+06   2.2800000e+01
   3.8880702e+05   5.3562459e+06   2.2700000e+01
   3.8882363e+05   5.3563348e+06   2.2800000e+01
   3.8884023e+05   5.3564236e+06   2.2400000e+01
   3.8885791e+05   5.3565675e+06   2.2300000e+01
   3.8883932e+05   5.3544998e+06   2.4500000e+01
   3.8888418e+05   5.3560337e+06   2.4700000e+01
   3.8890077e+05   5.3561217e+06   2.3700000e+01
   3.8891303e+05   5.3559885e+06   2.4900000e+01
   3.8892680e+05   5.3559323e+06   2.6900000e+01
   3.8894945e+05   5.3566881e+06   3.0900000e+01
   3.8895735e+05   5.3563767e+06   2.2600000e+01
   3.8897285e+05   5.3563651e+06   2.2600000e+01
   3.8898576e+05   5.3563097e+06   2.2300000e+01
   3.8899148e+05   5.3558418e+06   2.4700000e+01
   3.8902391e+05   5.3570985e+06   1.8200000e+01
   3.8903638e+05   5.3569758e+06   2.8500000e+01
   3.8903711e+05   5.3562528e+06   2.2400000e+01
   3.8905045e+05   5.3561747e+06   2.1800000e+01
   3.8906466e+05   5.3561412e+06   2.2300000e+01
   3.8907843e+05   5.3561296e+06   2.1900000e+01
   3.8909525e+05   5.3561852e+06   2.3500000e+01
   3.8910640e+05   5.3560398e+06   2.5200000e+01
   3.8911909e+05   5.3558839e+06   2.4600000e+01
   3.8913547e+05   5.3560060e+06   2.5800000e+01
   3.8915316e+05   5.3561062e+06   2.3400000e+01
   3.8916757e+05   5.3561278e+06   2.3600000e+01
   3.8918091e+05   5.3560497e+06   2.4500000e+01
   3.8919793e+05   5.3561605e+06   2.4500000e+01
   3.8921562e+05   5.3563052e+06   2.1600000e+01
   3.8924197e+05   5.3568940e+06   3.4800000e+01
   3.8924989e+05   5.3565380e+06   2.2000000e+01
   3.8926171e+05   5.3563822e+06   2.2400000e+01
   3.8927093e+05   5.3560926e+06   2.4600000e+01
   3.8928297e+05   5.3559481e+06   2.3500000e+01
   3.8928116e+05   5.3550920e+06   2.1000000e+01
   3.8931415e+05   5.3563811e+06   2.2000000e+01
   3.8932121e+05   5.3560252e+06   2.2800000e+01
   3.8930359e+05   5.3543578e+06   2.1500000e+01
   3.8935086e+05   5.3563804e+06   2.1900000e+01
   3.8935966e+05   5.3560690e+06   2.2500000e+01
   3.8938373e+05   5.3569463e+06   2.7700000e+01
   3.8938193e+05   5.3560904e+06   2.2100000e+01
   3.8939116e+05   5.3558008e+06   2.3600000e+01
   3.8941612e+05   5.3566790e+06   2.0700000e+01
   3.8941756e+05   5.3560338e+06   2.2700000e+01
   3.8944467e+05   5.3570229e+06   2.0500000e+01
   3.8944202e+05   5.3561225e+06   2.2500000e+01
   3.8946784e+05   5.3570898e+06   2.0500000e+01
   3.8946084e+05   5.3559219e+06   2.2900000e+01
   3.8948493e+05   5.3568001e+06   1.9300000e+01
   3.8948313e+05   5.3559442e+06   2.3500000e+01
   3.8951132e+05   5.3570330e+06   1.8800000e+01
   3.8950844e+05   5.3561212e+06   2.3400000e+01
   3.8954745e+05   5.3577220e+06   2.0500000e+01
   3.8953786e+05   5.3564651e+06   2.3300000e+01
   3.8954278e+05   5.3559535e+06   2.2300000e+01
   3.8957895e+05   5.3574539e+06   2.5200000e+01
   3.8957025e+05   5.3562424e+06   2.5200000e+01
   3.8957517e+05   5.3557308e+06   2.2700000e+01
   3.8959751e+05   5.3564753e+06   2.2800000e+01
   3.8960027e+05   5.3558973e+06   2.2400000e+01
   3.8961785e+05   5.3563971e+06   2.3800000e+01
   3.8962083e+05   5.3557859e+06   2.2200000e+01
   3.8965136e+05   5.3569971e+06   1.8000000e+01
   3.8964636e+05   5.3559742e+06   2.2300000e+01
   3.8968812e+05   5.3577193e+06   1.9500000e+01
   3.8967728e+05   5.3563959e+06   2.3600000e+01
   3.8970176e+05   5.3572959e+06   1.7200000e+01
   3.8969157e+05   5.3560066e+06   2.2900000e+01
   3.8971888e+05   5.3570071e+06   1.8500000e+01
   3.8970912e+05   5.3557395e+06   2.1500000e+01
   3.8972691e+05   5.3562953e+06   2.2900000e+01
   3.8975353e+05   5.3573063e+06   1.5900000e+01
   3.8973518e+05   5.3555502e+06   2.2600000e+01
   3.8974928e+05   5.3559163e+06   2.2300000e+01
   3.8976427e+05   5.3563278e+06   2.3200000e+01
   3.8979175e+05   5.3573388e+06   1.7500000e+01
   3.8977749e+05   5.3558379e+06   2.3000000e+01
   3.8979591e+05   5.3564269e+06   2.2200000e+01
   3.8982017e+05   5.3572718e+06   1.6500000e+01
   3.8980483e+05   5.3557150e+06   2.2600000e+01
   3.8982110e+05   5.3561929e+06   2.4900000e+01
   3.8983544e+05   5.3565266e+06   2.0700000e+01
   3.8986484e+05   5.3576817e+06   1.7100000e+01
   3.8984241e+05   5.3557588e+06   2.2600000e+01
   3.8985544e+05   5.3560253e+06   2.3500000e+01
   3.8987106e+05   5.3564700e+06   2.1800000e+01
   3.8990350e+05   5.3577369e+06   1.4500000e+01
   3.8987437e+05   5.3555134e+06   2.1200000e+01
   3.8989302e+05   5.3560691e+06   2.3800000e+01
   3.8990929e+05   5.3565025e+06   2.1100000e+01
   3.8988795e+05   5.3546797e+06   2.1500000e+01
   3.8991650e+05   5.3557469e+06   2.1800000e+01
   3.8992823e+05   5.3559460e+06   2.2800000e+01
   3.8993932e+05   5.3561574e+06   2.5400000e+01
   3.8995041e+05   5.3563688e+06   2.2700000e+01
   3.8996947e+05   5.3569463e+06   1.8300000e+01
   3.8999412e+05   5.3578576e+06   1.2500000e+01
   3.8995988e+05   5.3553228e+06   2.1600000e+01
   3.8997313e+05   5.3556006e+06   2.1400000e+01
   3.8998335e+05   5.3557675e+06   2.0800000e+01
   3.8999660e+05   5.3560453e+06   2.2900000e+01
   3.9000532e+05   5.3561343e+06   2.4300000e+01
   3.9001490e+05   5.3562224e+06   2.5000000e+01
   3.9002599e+05   5.3564338e+06   2.1900000e+01
   3.9004570e+05   5.3570454e+06   1.6500000e+01
   3.9006365e+05   5.3576115e+06   1.9100000e+01
   3.9007301e+05   5.3577337e+06   1.6800000e+01
   3.9004184e+05   5.3553107e+06   2.0700000e+01
   3.9005356e+05   5.3555545e+06   2.0700000e+01
   3.9005926e+05   5.3554879e+06   2.1000000e+01
   3.9006842e+05   5.3555542e+06   2.0600000e+01
   3.9008016e+05   5.3557542e+06   2.0400000e+01
   3.9009166e+05   5.3559874e+06   2.1900000e+01
   3.9010167e+05   5.3561429e+06   2.4400000e+01
   3.9010911e+05   5.3561209e+06   2.3700000e+01
   3.9011395e+05   5.3560098e+06   2.2600000e+01
   3.9012935e+05   5.3563985e+06   2.2000000e+01
   3.9013913e+05   5.3565426e+06   1.9700000e+01
   3.9015365e+05   5.3568868e+06   1.5500000e+01
   3.9011886e+05   5.3543193e+06   1.6700000e+01
   3.9019237e+05   5.3581203e+06   1.5500000e+01
   3.9015286e+05   5.3553086e+06   1.9900000e+01
   3.9016436e+05   5.3555419e+06   2.0300000e+01
   3.9017739e+05   5.3558083e+06   2.0500000e+01
   3.9018695e+05   5.3559410e+06   2.0400000e+01
   3.9019824e+05   5.3561638e+06   2.3400000e+01
   3.9020868e+05   5.3562965e+06   2.2900000e+01
   3.9021655e+05   5.3562963e+06   2.2800000e+01
   3.9022763e+05   5.3565077e+06   2.0500000e+01
   3.9023290e+05   5.3564184e+06   2.2400000e+01
   3.9023840e+05   5.3562959e+06   2.2700000e+01
   3.9024606e+05   5.3562852e+06   2.2600000e+01
   3.9025348e+05   5.3563070e+06   2.3200000e+01
   3.9026218e+05   5.3563960e+06   2.3200000e+01
   3.9027134e+05   5.3564622e+06   2.2300000e+01
   3.9028370e+05   5.3567400e+06   1.3900000e+01
   3.9029157e+05   5.3567399e+06   1.3600000e+01
   3.9030607e+05   5.3571286e+06   1.3900000e+01
   3.9030942e+05   5.3568951e+06   1.4900000e+01
   3.9031299e+05   5.3567176e+06   1.4000000e+01
   3.9032386e+05   5.3568730e+06   1.4200000e+01
   3.9033772e+05   5.3572285e+06   1.4700000e+01
   3.9035116e+05   5.3575167e+06   1.4300000e+01
   3.9034334e+05   5.3567502e+06   1.3900000e+01
   3.9035099e+05   5.3567387e+06   1.4000000e+01
   3.9035690e+05   5.3566827e+06   1.4100000e+01
   3.9036155e+05   5.3565610e+06   1.6000000e+01
   3.9036898e+05   5.3565382e+06   1.7100000e+01
   3.9037255e+05   5.3563160e+06   2.3300000e+01
   3.9037590e+05   5.3561271e+06   2.2400000e+01
   3.9038268e+05   5.3561156e+06   2.2200000e+01
   3.9038840e+05   5.3560045e+06   2.0700000e+01
   3.9039004e+05   5.3556818e+06   2.0000000e+01
   3.9039360e+05   5.3555033e+06   1.9100000e+01
   3.9038516e+05   5.3547033e+06   1.9100000e+01
   3.9044799e+05   5.3579598e+06   1.4500000e+01
   3.9043763e+05   5.3570150e+06   1.5600000e+01
   3.9043927e+05   5.3566924e+06   1.3900000e+01
   3.9044390e+05   5.3565699e+06   1.5100000e+01
   3.9044619e+05   5.3563260e+06   2.3300000e+01
   3.9045084e+05   5.3561589e+06   2.1600000e+01
   3.9044989e+05   5.3557471e+06   2.0000000e+01
   3.9045197e+05   5.3554471e+06   1.9200000e+01
   3.9049463e+05   5.3576591e+06   1.3800000e+01
   3.9048405e+05   5.3567475e+06   1.3500000e+01
   3.9048719e+05   5.3565027e+06   1.6600000e+01
   3.9048990e+05   5.3562805e+06   2.3900000e+01
   3.9049369e+05   5.3560689e+06   2.1300000e+01
   3.9049405e+05   5.3557244e+06   1.9800000e+01
   3.9049547e+05   5.3553903e+06   1.8900000e+01
   3.9052890e+05   5.3571243e+06   1.5000000e+01
   3.9052390e+05   5.3565020e+06   1.6400000e+01
   3.9052769e+05   5.3562903e+06   2.3400000e+01
   3.9053062e+05   5.3560795e+06   2.1600000e+01
   3.9053397e+05   5.3558906e+06   1.9700000e+01
   3.9053369e+05   5.3554674e+06   1.9200000e+01
   3.9058253e+05   5.3580018e+06   1.5500000e+01
   3.9056405e+05   5.3566349e+06   1.4700000e+01
   3.9056226e+05   5.3561786e+06   2.4300000e+01
   3.9056303e+05   5.3558559e+06   2.0100000e+01
   3.9056105e+05   5.3553444e+06   1.9000000e+01
   3.9060089e+05   5.3574123e+06   1.4500000e+01
   3.9059227e+05   5.3565566e+06   1.5100000e+01
   3.9059092e+05   5.3561230e+06   2.4100000e+01
   3.9058933e+05   5.3556779e+06   1.9900000e+01
   3.9058907e+05   5.3552556e+06   1.9000000e+01
   3.9061861e+05   5.3567895e+06   1.3800000e+01
   3.9061618e+05   5.3563000e+06   2.1100000e+01
   3.9061934e+05   5.3560551e+06   2.2200000e+01
   3.9061969e+05   5.3557106e+06   2.0000000e+01
   3.9061965e+05   5.3552996e+06   1.9000000e+01
   3.9065388e+05   5.3570773e+06   1.4300000e+01
   3.9064462e+05   5.3562330e+06   2.2700000e+01
   3.9064736e+05   5.3559662e+06   2.1600000e+01
   3.9064641e+05   5.3555544e+06   1.9900000e+01
   3.9068814e+05   5.3577218e+06   1.2700000e+01
   3.9067269e+05   5.3565105e+06   1.5200000e+01
   3.9067220e+05   5.3561214e+06   2.4600000e+01
   3.9067042e+05   5.3556204e+06   1.9900000e+01
   3.9070337e+05   5.3573325e+06   1.4000000e+01
   3.9069133e+05   5.3563431e+06   1.9900000e+01
   3.9069255e+05   5.3560432e+06   2.3000000e+01
   3.9069122e+05   5.3555649e+06   2.0100000e+01
   3.9073271e+05   5.3577209e+06   1.2400000e+01
   3.9071597e+05   5.3564423e+06   1.7300000e+01
   3.9071633e+05   5.3560978e+06   2.4700000e+01
   3.9071692e+05   5.3557647e+06   2.0700000e+01
   3.9075948e+05   5.3579765e+06   1.5100000e+01
   3.9074147e+05   5.3566315e+06   1.3000000e+01
   3.9073799e+05   5.3560423e+06   2.2400000e+01
   3.9073685e+05   5.3556191e+06   2.0100000e+01
   3.9072847e+05   5.3548191e+06   1.9100000e+01
   3.9076545e+05   5.3567421e+06   1.0500000e+01
   3.9076221e+05   5.3561643e+06   2.1400000e+01
   3.9076149e+05   5.3557638e+06   2.1300000e+01
   3.9073986e+05   5.3542295e+06   1.9500000e+01
   3.9078645e+05   5.3566525e+06   1.1800000e+01
   3.9078362e+05   5.3561411e+06   2.0800000e+01
   3.9078592e+05   5.3558517e+06   2.1700000e+01
   3.9078523e+05   5.3554521e+06   1.9400000e+01
   3.9081642e+05   5.3570742e+06   1.0000000e+01
   3.9080742e+05   5.3561966e+06   2.0100000e+01
   3.9080778e+05   5.3558512e+06   2.1300000e+01
   3.9080647e+05   5.3553738e+06   1.9100000e+01
   3.9084064e+05   5.3571515e+06   1.0300000e+01
   3.9083096e+05   5.3562845e+06   2.0200000e+01
   3.9083285e+05   5.3559732e+06   2.1700000e+01
   3.9082960e+05   5.3554398e+06   1.9300000e+01
   3.9086527e+05   5.3572962e+06   9.5000000e+00
   3.9085539e+05   5.3564178e+06   1.7100000e+01
   3.9085534e+05   5.3560060e+06   2.2300000e+01
   3.9085105e+05   5.3553730e+06   1.9200000e+01
   3.9088885e+05   5.3573403e+06   1.0200000e+01
   3.9087512e+05   5.3562618e+06   2.0100000e+01
   3.9087718e+05   5.3560055e+06   2.1900000e+01
   3.9087609e+05   5.3555386e+06   2.0000000e+01
   3.9090984e+05   5.3572953e+06   8.8000000e+00
   3.9089784e+05   5.3562613e+06   1.9900000e+01
   3.9089908e+05   5.3559614e+06   2.1000000e+01
   3.9089517e+05   5.3553940e+06   1.9000000e+01
   3.9093359e+05   5.3573945e+06   8.3000000e+00
   3.9092011e+05   5.3562827e+06   1.8900000e+01
   3.9091943e+05   5.3558832e+06   2.0800000e+01
   3.9091812e+05   5.3554049e+06   1.8900000e+01
   3.9096080e+05   5.3576274e+06   9.7000000e+00
   3.9094516e+05   5.3564493e+06   1.2500000e+01
   3.9094429e+05   5.3559938e+06   2.1600000e+01
   3.9094360e+05   5.3555933e+06   2.0400000e+01
   3.9098328e+05   5.3576602e+06   8.8000000e+00
   3.9096576e+05   5.3563378e+06   1.6300000e+01
   3.9096570e+05   5.3559706e+06   2.0900000e+01
   3.9096568e+05   5.3555596e+06   2.0200000e+01
   3.9100815e+05   5.3577716e+06   8.2000000e+00
   3.9099123e+05   5.3565262e+06   1.0000000e+01
   3.9098929e+05   5.3560148e+06   2.1800000e+01
   3.9098859e+05   5.3556143e+06   2.0300000e+01
   3.9102891e+05   5.3577152e+06   7.3000000e+00
   3.9101180e+05   5.3564593e+06   1.0900000e+01
   3.9101177e+05   5.3560475e+06   2.1500000e+01
   3.9101090e+05   5.3555920e+06   2.0200000e+01
   3.9105335e+05   5.3578039e+06   8.2000000e+00
   3.9103538e+05   5.3565035e+06   9.5000000e+00
   3.9103235e+05   5.3559807e+06   2.0900000e+01
   3.9103104e+05   5.3555024e+06   1.9300000e+01
   3.9106560e+05   5.3573037e+06   4.6000000e+00
   3.9105426e+05   5.3563029e+06   1.4400000e+01
   3.9105485e+05   5.3559689e+06   2.0700000e+01
   3.9105439e+05   5.3555798e+06   2.0200000e+01
   3.9105587e+05   5.3552466e+06   1.8300000e+01
   3.9108314e+05   5.3566687e+06   5.1000000e+00
   3.9108034e+05   5.3561581e+06   1.8300000e+01
   3.9108031e+05   5.3557463e+06   1.9600000e+01
   3.9107878e+05   5.3553013e+06   1.8400000e+01
   3.9110479e+05   5.3566578e+06   5.1000000e+00
   3.9110285e+05   5.3561463e+06   1.7400000e+01
   3.9110302e+05   5.3557905e+06   1.9400000e+01
   3.9110236e+05   5.3553454e+06   1.8400000e+01
   3.9113709e+05   5.3571572e+06   4.5000000e+00
   3.9112597e+05   5.3562123e+06   1.4700000e+01
   3.9112532e+05   5.3557673e+06   1.9300000e+01
   3.9110527e+05   5.3543563e+06   1.8300000e+01
   3.9114850e+05   5.3566123e+06   4.8000000e+00
   3.9114764e+05   5.3561569e+06   1.4700000e+01
   3.9114675e+05   5.3557450e+06   1.9100000e+01
   3.9114863e+05   5.3554783e+06   1.8700000e+01
   3.9118973e+05   5.3576230e+06   4.8000000e+00
   3.9117394e+05   5.3563889e+06   9.5000000e+00
   3.9117585e+05   5.3560776e+06   1.4400000e+01
   3.9117732e+05   5.3557891e+06   1.9000000e+01
   3.9117792e+05   5.3554550e+06   1.8200000e+01
   3.9116748e+05   5.3544994e+06   1.8800000e+01
   3.9123306e+05   5.3579228e+06   1.1600000e+01
   3.9122176e+05   5.3569222e+06   4.5000000e+00
   3.9121896e+05   5.3564108e+06   7.9000000e+00
   3.9122297e+05   5.3562551e+06   1.0200000e+01
   3.9122678e+05   5.3560434e+06   1.4800000e+01
   3.9123038e+05   5.3558659e+06   1.8900000e+01
   3.9123527e+05   5.3557101e+06   1.8400000e+01
   3.9124055e+05   5.3556208e+06   1.7900000e+01
   3.9124544e+05   5.3554651e+06   1.8000000e+01
   3.9123392e+05   5.3544981e+06   1.8500000e+01
   3.9123860e+05   5.3543310e+06   1.6600000e+01
   3.9130435e+05   5.3577659e+06   6.7000000e+00
   3.9129197e+05   5.3567539e+06   3.7000000e+00
   3.9129133e+05   5.3563097e+06   9.1000000e+00
   3.9130385e+05   5.3565980e+06   3.3000000e+00
   3.9131129e+05   5.3565760e+06   3.3000000e+00
   3.9131616e+05   5.3564649e+06   4.0000000e+00
   3.9133101e+05   5.3568755e+06   3.4000000e+00
   3.9134249e+05   5.3570641e+06   4.0000000e+00
   3.9134016e+05   5.3565309e+06   3.6000000e+00
   3.9135480e+05   5.3569310e+06   3.8000000e+00
   3.9136945e+05   5.3573311e+06   4.5000000e+00
   3.9138518e+05   5.3577416e+06   7.6000000e+00
   3.9139155e+05   5.3576637e+06   6.7000000e+00
   3.9140066e+05   5.3577745e+06   7.5000000e+00
   3.9137195e+05   5.3554959e+06   1.7800000e+01
   3.9138001e+05   5.3555517e+06   1.7800000e+01
   3.9139170e+05   5.3557517e+06   1.9100000e+01
   3.9140167e+05   5.3559072e+06   1.3100000e+01
   3.9141293e+05   5.3560844e+06   9.5000000e+00
   3.9142651e+05   5.3564287e+06   4.1000000e+00
   3.9144075e+05   5.3567624e+06   2.3000000e+00
   3.9147557e+05   5.3582180e+06   1.7500000e+01
   3.9144242e+05   5.3557062e+06   1.8400000e+01
   3.9145560e+05   5.3559840e+06   9.8000000e+00
   3.9147553e+05   5.3566612e+06   3.3000000e+00
   3.9151185e+05   5.3581955e+06   1.5500000e+01
   3.9147915e+05   5.3556609e+06   1.8400000e+01
   3.9149316e+05   5.3560278e+06   9.5000000e+00
   3.9152137e+05   5.3571385e+06   4.3000000e+00
   3.9151121e+05   5.3557827e+06   1.2900000e+01
   3.9154920e+05   5.3574054e+06   6.5000000e+00
   3.9154940e+05   5.3566379e+06   4.3000000e+00
   3.9155937e+05   5.3563816e+06   4.5000000e+00
   3.9159142e+05   5.3572823e+06   5.8000000e+00
   3.9159418e+05   5.3562812e+06   3.3000000e+00
   3.9160332e+05   5.3555693e+06   1.5500000e+01
   3.9160165e+05   5.3543354e+06   1.4600000e+01
   3.9162752e+05   5.3545457e+06   1.5800000e+01
   3.9164602e+05   5.3543232e+06   1.3100000e+01
   3.9168168e+05   5.3550012e+06   1.5200000e+01
   3.9173531e+05   5.3566676e+06   5.2000000e+00
   3.9176203e+05   5.3569232e+06   2.8000000e+00
   3.9179005e+05   5.3572007e+06   4.1000000e+00
   3.9176176e+05   5.3541548e+06   1.0600000e+01
   3.9183060e+05   5.3566212e+06   4.9000000e+00
   3.9185669e+05   5.3568436e+06   4.9000000e+00
   3.9183688e+05   5.3542417e+06   9.9000000e+00
   3.9192434e+05   5.3576422e+06   5.3000000e+00
   3.9192889e+05   5.3563194e+06   6.1000000e+00
   3.9197315e+05   5.3574970e+06   5.4000000e+00
   3.9194769e+05   5.3545956e+06   1.1400000e+01
   3.9202070e+05   5.3572854e+06   4.9000000e+00
   3.9201305e+05   5.3549056e+06   8.5000000e+00
